G: 6.67428e-08
unit_temperature: 1
k_B: 1.3806488e-16
unit_time: 1
unit_length: 1
unit_mass: 1
